75.00000 79.00000 9.00000 2.00000 7.33939 259.91585 122.52055
239.00000 49.00000 2.00000 6.00000 137.08783 0.11788 93.61096
113.00000 77.00000 4.00000 9.00000 76.94295 8.42484 100.29589
241.00000 32.00000 2.00000 7.00000 134.14338 0.10005 95.03562
205.00000 74.00000 4.00000 6.00000 128.13925 0.35991 96.02192
65.00000 57.00000 5.00000 6.00000 10.74716 198.13635 100.66301
215.00000 82.00000 3.00000 2.00000 99.29560 4.93652 88.06849
199.00000 106.00000 1.00000 2.00000 106.95120 3.22795 89.00274
103.00000 13.00000 5.00000 8.00000 17.68879 140.22697 103.51233
161.00000 20.00000 10.00000 4.00000 26.86053 103.34683 132.49315
93.00000 21.00000 1.00000 9.00000 22.06410 113.90320 98.97534
209.00000 39.00000 9.00000 3.00000 65.37204 21.44551 123.94521
111.00000 24.00000 4.00000 4.00000 7.92609 238.59756 93.17260
153.00000 73.00000 1.00000 5.00000 66.92223 17.95543 93.27671
237.00000 75.00000 5.00000 2.00000 113.73003 2.13379 94.96438
193.00000 83.00000 7.00000 7.00000 137.13231 0.04972 115.40822
117.00000 78.00000 10.00000 3.00000 28.11096 100.05126 131.06849
149.00000 92.00000 2.00000 4.00000 69.67746 17.53205 90.76164
127.00000 51.00000 1.00000 6.00000 39.05166 59.75271 94.70137
87.00000 68.00000 9.00000 10.00000 56.47335 24.23661 133.91781
139.00000 109.00000 4.00000 5.00000 86.71048 6.93353 94.59726
109.00000 85.00000 8.00000 5.00000 42.01335 53.35742 119.67123
89.00000 55.00000 2.00000 9.00000 39.91007 53.18330 97.88493
219.00000 105.00000 6.00000 6.00000 173.05219 0.00000 107.01918
71.00000 72.00000 3.00000 7.00000 25.08501 104.59036 95.19178
181.00000 10.00000 7.00000 10.00000 88.35335 3.69698 119.68219
61.00000 56.00000 3.00000 4.00000 3.81351 308.00446 90.91781
173.00000 99.00000 9.00000 4.00000 98.05379 4.46563 125.36986
159.00000 70.00000 2.00000 3.00000 50.30411 41.07400 89.33699
99.00000 98.00000 5.00000 1.00000 18.03829 157.64514 93.53973
221.00000 90.00000 7.00000 1.00000 101.38342 4.56181 106.86027
247.00000 62.00000 5.00000 10.00000 205.57441 0.00000 106.36164
195.00000 18.00000 1.00000 3.00000 39.03513 64.70231 90.42740
129.00000 76.00000 9.00000 7.00000 69.14050 14.97171 129.64384
207.00000 31.00000 8.00000 8.00000 111.79775 0.97626 123.94521
189.00000 101.00000 4.00000 6.00000 139.08081 0.08614 96.02192
227.00000 37.00000 6.00000 8.00000 137.59941 0.02812 109.86849
53.00000 34.00000 3.00000 9.00000 10.65470 191.81096 98.04110
95.00000 108.00000 1.00000 5.00000 48.44293 40.52039 93.27671
213.00000 23.00000 3.00000 10.00000 132.60448 0.02802 99.46575
249.00000 27.00000 5.00000 10.00000 172.58547 0.00000 106.36164
151.00000 107.00000 10.00000 3.00000 74.02169 14.71051 131.06849
147.00000 91.00000 9.00000 10.00000 134.60248 0.02137 133.91781
107.00000 61.00000 10.00000 9.00000 57.88905 23.11843 139.61644
229.00000 59.00000 5.00000 8.00000 161.58574 0.00000 103.51233
169.00000 71.00000 7.00000 4.00000 68.81461 18.21608 111.13425
197.00000 93.00000 10.00000 2.00000 92.68989 6.89626 129.64384
165.00000 12.00000 7.00000 7.00000 46.60439 42.24424 115.40822
231.00000 46.00000 2.00000 2.00000 80.69839 11.91697 87.91233
187.00000 29.00000 8.00000 5.00000 58.55949 26.12495 119.67123
179.00000 63.00000 10.00000 5.00000 81.17246 9.23336 133.91781
97.00000 96.00000 10.00000 3.00000 27.01326 104.55942 131.06849
145.00000 94.00000 2.00000 1.00000 41.13694 63.20878 86.48767
135.00000 40.00000 6.00000 7.00000 45.15568 44.99731 108.44384
191.00000 100.00000 6.00000 9.00000 176.22414 0.00000 111.29315
63.00000 89.00000 6.00000 1.00000 4.59290 315.34278 99.89589
123.00000 110.00000 6.00000 7.00000 94.88021 3.71718 108.44384
133.00000 64.00000 10.00000 3.00000 29.23174 95.65854 131.06849
163.00000 66.00000 6.00000 2.00000 42.26889 59.68899 101.32055
171.00000 87.00000 1.00000 7.00000 119.25995 0.65777 96.12603
77.00000 11.00000 8.00000 3.00000 0.59137 497.27402 116.82192
177.00000 88.00000 1.00000 1.00000 60.25675 28.85136 87.57808
55.00000 17.00000 3.00000 9.00000 6.15308 244.27770 98.04110
83.00000 84.00000 9.00000 8.00000 48.28454 38.29123 131.06849
243.00000 58.00000 9.00000 4.00000 126.29503 0.72045 125.36986
101.00000 50.00000 6.00000 10.00000 53.28597 28.29305 112.71781
131.00000 35.00000 7.00000 10.00000 65.63718 15.07422 119.68219
201.00000 69.00000 8.00000 2.00000 74.44004 15.61348 115.39726
155.00000 102.00000 3.00000 1.00000 53.97415 37.42500 86.64384
217.00000 103.00000 9.00000 9.00000 205.21442 0.00000 132.49315
51.00000 81.00000 3.00000 6.00000 14.48457 166.84018 93.76712
91.00000 44.00000 2.00000 3.00000 5.24952 285.64355 89.33699
67.00000 53.00000 8.00000 7.00000 14.27645 165.50901 122.52055
57.00000 95.00000 8.00000 5.00000 18.19597 144.20012 119.67123
125.00000 30.00000 1.00000 6.00000 25.28702 105.89096 94.70137
211.00000 47.00000 4.00000 10.00000 154.59150 0.00000 101.72055
223.00000 48.00000 5.00000 4.00000 97.09936 4.69179 97.81370
225.00000 26.00000 8.00000 8.00000 124.65584 0.28848 123.94521
137.00000 16.00000 5.00000 1.00000 4.77172 311.23852 93.53973
175.00000 45.00000 7.00000 5.00000 61.84336 22.55099 112.55890
119.00000 43.00000 7.00000 6.00000 29.16256 90.28039 113.98356
183.00000 80.00000 5.00000 8.00000 136.60081 0.03344 103.51233
85.00000 14.00000 9.00000 9.00000 15.21516 154.63336 132.49315
79.00000 42.00000 4.00000 5.00000 7.05679 243.45224 94.59726
203.00000 54.00000 7.00000 8.00000 130.61790 0.10882 116.83288
73.00000 22.00000 6.00000 6.00000 3.75199 298.11524 107.01918
167.00000 86.00000 8.00000 8.00000 126.64141 0.21971 123.94521
157.00000 28.00000 4.00000 4.00000 29.07819 94.44185 93.17260
69.00000 65.00000 10.00000 1.00000 2.17302 393.21323 128.21918
141.00000 38.00000 2.00000 8.00000 57.60772 24.92723 96.46027
121.00000 33.00000 3.00000 1.00000 4.95544 307.15881 86.64384
105.00000 67.00000 3.00000 5.00000 28.26233 94.56539 92.34247
143.00000 15.00000 10.00000 7.00000 33.79469 73.16388 136.76712
245.00000 104.00000 6.00000 1.00000 138.52880 0.35242 99.89589
81.00000 19.00000 4.00000 9.00000 15.63025 151.71048 100.29589
185.00000 36.00000 1.00000 2.00000 36.98876 73.27494 89.00274
235.00000 41.00000 8.00000 4.00000 101.89021 3.65441 118.24658
115.00000 25.00000 7.00000 3.00000 6.37765 266.29257 109.70959
59.00000 97.00000 2.00000 2.00000 7.85587 252.50159 87.91233
233.00000 52.00000 4.00000 10.00000 181.58245 0.00000 101.72055
