112.00000 75.00000 8.00000 2.00000 18.68105 151.67941 115.39726
140.00000 53.00000 2.00000 5.00000 41.32569 54.91743 92.18630
196.00000 103.00000 4.00000 2.00000 101.20089 4.46632 90.32329
80.00000 23.00000 9.00000 6.00000 5.38078 266.27260 128.21918
148.00000 95.00000 5.00000 4.00000 71.41620 16.22909 97.81370
160.00000 29.00000 7.00000 9.00000 76.03288 8.87277 118.25753
176.00000 63.00000 7.00000 4.00000 67.95560 18.91938 111.13425
92.00000 13.00000 2.00000 4.00000 2.12828 359.55821 90.76164
232.00000 49.00000 6.00000 10.00000 177.58379 0.00000 112.71781
52.00000 79.00000 1.00000 7.00000 19.06129 134.45165 96.12603
240.00000 87.00000 7.00000 2.00000 128.43273 0.67246 108.28493
248.00000 11.00000 10.00000 1.00000 55.51782 35.14669 128.21918
168.00000 39.00000 6.00000 8.00000 82.04259 7.14850 109.86849
100.00000 105.00000 3.00000 9.00000 90.96400 3.55522 98.04110
200.00000 31.00000 4.00000 6.00000 81.78683 8.51739 96.02192
184.00000 17.00000 9.00000 10.00000 97.97691 1.83150 133.91781
88.00000 109.00000 5.00000 8.00000 72.96587 11.74816 103.51233
212.00000 77.00000 4.00000 3.00000 102.84004 3.85421 91.74795
164.00000 55.00000 7.00000 2.00000 35.72117 76.93364 108.28493
68.00000 33.00000 1.00000 7.00000 7.80475 228.11865 96.12603
60.00000 27.00000 3.00000 5.00000 1.32606 384.74162 92.34247
180.00000 25.00000 8.00000 8.00000 80.20271 7.94573 123.94521
72.00000 43.00000 8.00000 3.00000 2.08167 369.77077 116.82192
84.00000 85.00000 10.00000 6.00000 33.30083 75.98345 135.34247
96.00000 89.00000 3.00000 1.00000 13.32086 194.03788 86.64384
156.00000 83.00000 6.00000 7.00000 100.65659 2.60914 108.44384
220.00000 93.00000 10.00000 7.00000 174.10996 0.00000 136.76712
192.00000 45.00000 7.00000 10.00000 133.60339 0.02423 119.68219
56.00000 57.00000 6.00000 9.00000 21.56651 116.41357 111.29315
224.00000 65.00000 10.00000 9.00000 174.22481 0.00000 139.61644
108.00000 51.00000 2.00000 9.00000 50.78923 32.60427 97.88493
104.00000 61.00000 5.00000 4.00000 18.92181 143.62640 97.81370
152.00000 15.00000 8.00000 3.00000 14.89766 173.93786 116.82192
76.00000 91.00000 6.00000 10.00000 66.49817 14.38082 112.71781
136.00000 35.00000 5.00000 8.00000 51.29698 33.36010 103.51233
228.00000 67.00000 9.00000 6.00000 144.06889 0.03494 128.21918
172.00000 81.00000 5.00000 3.00000 69.63328 17.76008 96.38904
144.00000 59.00000 3.00000 6.00000 57.45786 26.82560 93.76712
188.00000 97.00000 1.00000 5.00000 122.46408 0.76354 93.27671
236.00000 73.00000 9.00000 3.00000 122.28787 1.12688 123.94521
132.00000 99.00000 9.00000 4.00000 61.22523 25.25410 125.36986
116.00000 71.00000 2.00000 1.00000 14.05091 187.69148 86.48767
64.00000 107.00000 4.00000 7.00000 42.32671 50.84576 97.44657
204.00000 47.00000 8.00000 5.00000 89.51626 5.96745 119.67123
208.00000 41.00000 1.00000 5.00000 87.64262 6.59590 93.27671
124.00000 101.00000 2.00000 1.00000 32.32896 89.14541 86.48767
244.00000 21.00000 1.00000 10.00000 161.58916 0.00000 100.40000
120.00000 69.00000 10.00000 1.00000 14.80030 181.44178 128.21918
216.00000 19.00000 3.00000 8.00000 108.84721 1.21850 96.61644
128.00000 37.00000 4.00000 2.00000 10.43501 220.41238 90.32329
