107.00000 30.00000 8.00000 2.00000 3.84022 327.39146 115.39726
113.00000 97.00000 9.00000 5.00000 53.77218 32.17836 126.79452
196.00000 90.00000 9.00000 6.00000 135.09619 0.15636 128.21918
150.00000 47.00000 4.00000 2.00000 23.36035 125.09270 90.32329
100.00000 49.00000 7.00000 6.00000 22.17450 120.31830 113.98356
87.00000 13.00000 1.00000 6.00000 4.72759 278.00162 94.70137
188.00000 53.00000 10.00000 6.00000 91.12235 5.21174 135.34247
89.00000 54.00000 1.00000 2.00000 4.89332 302.66703 89.00274
174.00000 57.00000 5.00000 5.00000 71.27303 14.71780 99.23836
132.00000 68.00000 8.00000 5.00000 46.24794 44.54041 119.67123
216.00000 36.00000 4.00000 8.00000 125.64839 0.25290 98.87123
88.00000 98.00000 1.00000 9.00000 73.32537 10.33022 98.97534
131.00000 76.00000 5.00000 1.00000 22.59870 130.46394 93.53973
99.00000 91.00000 4.00000 2.00000 20.02028 143.38061 90.32329
220.00000 63.00000 10.00000 4.00000 108.65908 2.51050 132.49315
240.00000 105.00000 2.00000 3.00000 158.05057 0.00071 89.33699
133.00000 32.00000 3.00000 2.00000 10.43501 220.41238 88.06849
219.00000 83.00000 8.00000 5.00000 139.32571 0.10018 119.67123
205.00000 33.00000 7.00000 5.00000 77.52765 11.00265 112.55890
128.00000 71.00000 10.00000 10.00000 96.03916 2.13942 141.04110
229.00000 86.00000 7.00000 10.00000 211.57240 0.00000 119.68219
231.00000 41.00000 4.00000 4.00000 98.05379 4.46563 93.17260
235.00000 67.00000 6.00000 10.00000 198.57675 0.00000 112.71781
105.00000 22.00000 1.00000 10.00000 36.04784 62.06216 100.40000
165.00000 18.00000 10.00000 2.00000 16.96817 163.10833 129.64384
58.00000 82.00000 10.00000 7.00000 23.49995 111.66000 136.76712
210.00000 66.00000 2.00000 9.00000 161.22916 0.00000 97.88493
125.00000 103.00000 10.00000 7.00000 90.12365 4.92601 136.76712
122.00000 77.00000 8.00000 9.00000 85.28751 5.16268 125.36986
180.00000 21.00000 5.00000 7.00000 65.68425 17.68372 102.08767
149.00000 11.00000 10.00000 2.00000 8.95100 237.98394 129.64384
162.00000 51.00000 8.00000 3.00000 39.03513 64.70231 116.82192
61.00000 58.00000 10.00000 9.00000 24.65294 101.85576 139.61644
197.00000 30.00000 5.00000 4.00000 57.97259 28.98423 97.81370
87.00000 53.00000 10.00000 7.00000 23.49995 111.66000 136.76712
221.00000 89.00000 3.00000 2.00000 111.78653 2.41296 88.06849
192.00000 29.00000 8.00000 10.00000 117.65349 0.24791 126.79452
242.00000 87.00000 5.00000 9.00000 214.21140 0.00000 104.93699
156.00000 94.00000 8.00000 8.00000 123.66447 0.32994 123.94521
51.00000 24.00000 2.00000 4.00000 0.42534 500.99324 90.76164
189.00000 86.00000 5.00000 9.00000 160.22950 0.00000 104.93699
142.00000 96.00000 1.00000 5.00000 77.52765 11.00265 93.27671
98.00000 90.00000 8.00000 6.00000 45.99436 44.48298 121.09589
230.00000 36.00000 4.00000 1.00000 61.06315 27.88505 88.89863
139.00000 53.00000 7.00000 1.00000 15.96730 172.28183 106.86027
200.00000 70.00000 2.00000 6.00000 119.23987 0.84792 93.61096
151.00000 14.00000 8.00000 2.00000 10.43501 220.41238 115.39726
161.00000 26.00000 4.00000 1.00000 14.05091 187.69148 88.89863
106.00000 105.00000 9.00000 3.00000 37.72228 68.13472 123.94521
122.00000 33.00000 5.00000 6.00000 25.28702 105.89096 100.66301
123.00000 75.00000 1.00000 3.00000 29.80001 93.50158 90.42740
215.00000 12.00000 5.00000 1.00000 33.52039 85.10589 93.53973
247.00000 67.00000 3.00000 2.00000 115.67665 1.87026 88.06849
135.00000 84.00000 4.00000 7.00000 81.72005 7.89291 97.44657
190.00000 100.00000 5.00000 9.00000 175.22447 0.00000 104.93699
137.00000 108.00000 5.00000 8.00000 118.71400 0.56925 103.51233
235.00000 85.00000 4.00000 9.00000 205.21442 0.00000 100.29589
75.00000 45.00000 9.00000 7.00000 14.27645 165.50901 129.64384
234.00000 69.00000 4.00000 6.00000 152.05928 0.00030 96.02192
96.00000 103.00000 5.00000 9.00000 85.28751 5.16268 104.93699
74.00000 65.00000 6.00000 4.00000 9.09330 224.44028 104.16986
141.00000 14.00000 2.00000 8.00000 39.76168 55.65681 96.46027
221.00000 74.00000 7.00000 9.00000 180.22280 0.00000 118.25753
54.00000 102.00000 3.00000 3.00000 10.94929 209.17759 89.49315
225.00000 69.00000 3.00000 1.00000 85.44228 9.82762 86.64384
225.00000 75.00000 5.00000 1.00000 90.99322 7.59237 93.53973
153.00000 51.00000 7.00000 2.00000 26.97005 108.15290 108.28493
94.00000 72.00000 9.00000 1.00000 7.55314 260.16741 121.09589
118.00000 51.00000 3.00000 5.00000 26.61064 101.30196 92.34247
53.00000 38.00000 10.00000 2.00000 0.58446 541.03561 129.64384
95.00000 52.00000 2.00000 7.00000 27.28236 95.58381 95.03562
244.00000 45.00000 7.00000 3.00000 102.84004 3.85421 109.70959
196.00000 16.00000 2.00000 9.00000 97.69701 2.23199 97.88493
249.00000 102.00000 5.00000 7.00000 212.09723 0.00000 102.08767
194.00000 65.00000 9.00000 8.00000 132.60964 0.07088 131.06849
71.00000 17.00000 1.00000 1.00000 0.52715 614.90675 87.57808
100.00000 55.00000 6.00000 8.00000 39.76168 55.65681 109.86849
83.00000 86.00000 9.00000 10.00000 68.23154 13.05105 133.91781
86.00000 72.00000 1.00000 2.00000 8.39241 245.18762 89.00274
209.00000 108.00000 9.00000 6.00000 166.05453 0.00000 128.21918
162.00000 70.00000 1.00000 3.00000 52.56806 37.39879 90.42740
138.00000 42.00000 10.00000 10.00000 78.07665 7.29501 141.04110
236.00000 20.00000 10.00000 2.00000 62.50106 25.89511 129.64384
182.00000 65.00000 8.00000 6.00000 96.82418 3.73093 121.09589
250.00000 52.00000 6.00000 1.00000 92.86192 6.93925 99.89589
155.00000 28.00000 9.00000 7.00000 51.08080 34.63632 129.64384
102.00000 23.00000 7.00000 8.00000 21.98133 116.70478 116.83288
52.00000 50.00000 10.00000 10.00000 21.72776 115.41985 141.04110
139.00000 14.00000 1.00000 10.00000 54.86888 26.21091 100.40000
223.00000 39.00000 6.00000 6.00000 111.37640 1.51716 107.01918
234.00000 110.00000 9.00000 1.00000 133.57447 0.57239 121.09589
149.00000 95.00000 1.00000 5.00000 83.01005 8.42468 93.27671
80.00000 77.00000 6.00000 8.00000 41.12891 52.49632 109.86849
50.00000 46.00000 4.00000 10.00000 18.84685 131.00525 101.72055
59.00000 91.00000 2.00000 7.00000 28.99264 89.14023 95.03562
202.00000 49.00000 7.00000 8.00000 124.65584 0.28848 116.83288
110.00000 110.00000 10.00000 9.00000 105.49399 1.23027 139.61644
133.00000 24.00000 9.00000 1.00000 5.53633 295.06831 121.09589
247.00000 43.00000 9.00000 9.00000 175.22447 0.00000 132.49315
214.00000 71.00000 2.00000 1.00000 77.29942 14.09827 86.48767
195.00000 31.00000 6.00000 10.00000 122.62616 0.11968 112.71781
67.00000 44.00000 3.00000 10.00000 26.43248 93.95855 99.46575
173.00000 58.00000 10.00000 8.00000 104.92804 1.61599 138.19178
177.00000 103.00000 3.00000 10.00000 176.58413 0.00000 99.46575
166.00000 75.00000 6.00000 8.00000 114.75921 0.78857 109.86849
70.00000 92.00000 7.00000 9.00000 53.10817 29.20400 118.25753
184.00000 97.00000 7.00000 10.00000 177.58379 0.00000 119.68219
134.00000 32.00000 5.00000 3.00000 14.51220 177.00887 96.38904
69.00000 109.00000 10.00000 3.00000 19.54119 142.17393 131.06849
161.00000 63.00000 5.00000 8.00000 98.13624 2.64526 103.51233
117.00000 64.00000 2.00000 3.00000 20.93230 134.13451 89.33699
226.00000 34.00000 1.00000 9.00000 145.23453 0.00000 98.97534
238.00000 42.00000 1.00000 10.00000 176.58413 0.00000 100.40000
200.00000 41.00000 2.00000 2.00000 50.81113 42.42032 87.91233
104.00000 109.00000 4.00000 10.00000 109.72930 0.61361 101.72055
81.00000 59.00000 3.00000 10.00000 44.98118 41.75065 99.46575
240.00000 95.00000 10.00000 8.00000 208.56999 0.00000 138.19178
160.00000 19.00000 7.00000 1.00000 11.27736 213.81032 106.86027
172.00000 75.00000 10.00000 7.00000 108.44261 1.55264 136.76712
135.00000 47.00000 8.00000 8.00000 60.05862 22.18677 123.94521
187.00000 90.00000 2.00000 3.00000 91.40726 6.67021 89.33699
81.00000 99.00000 10.00000 10.00000 78.07665 7.29501 141.04110
176.00000 67.00000 8.00000 4.00000 71.41620 16.22909 118.24658
217.00000 43.00000 9.00000 6.00000 109.41770 1.72034 128.21918
206.00000 44.00000 5.00000 2.00000 57.67345 31.74700 94.96438
215.00000 34.00000 3.00000 8.00000 122.67354 0.37364 96.61644
121.00000 22.00000 5.00000 4.00000 10.35467 210.75385 97.81370
71.00000 104.00000 4.00000 1.00000 10.02331 227.53336 88.89863
64.00000 53.00000 7.00000 9.00000 23.59921 106.58376 118.25753
77.00000 34.00000 6.00000 10.00000 26.43248 93.95855 112.71781
168.00000 74.00000 5.00000 9.00000 127.27243 0.15934 104.93699
96.00000 97.00000 5.00000 5.00000 41.32569 54.91743 99.23836
116.00000 106.00000 8.00000 8.00000 96.21084 3.01488 123.94521
55.00000 44.00000 7.00000 7.00000 7.24883 235.33573 115.40822
76.00000 42.00000 4.00000 1.00000 1.08701 467.75633 88.89863
204.00000 96.00000 2.00000 10.00000 196.57743 0.00000 99.30959
105.00000 25.00000 10.00000 6.00000 13.69441 172.88604 135.34247
111.00000 103.00000 3.00000 5.00000 56.94661 28.05722 92.34247
157.00000 48.00000 4.00000 10.00000 101.87120 1.30966 101.72055
213.00000 54.00000 8.00000 10.00000 163.58848 0.00000 126.79452
142.00000 71.00000 2.00000 10.00000 109.72930 0.61361 99.30959
211.00000 105.00000 1.00000 8.00000 189.57636 0.00000 97.55069
175.00000 90.00000 4.00000 4.00000 91.42633 6.31661 93.17260
241.00000 50.00000 3.00000 10.00000 187.58044 0.00000 99.46575
223.00000 89.00000 4.00000 4.00000 137.18691 0.19828 93.17260
57.00000 35.00000 9.00000 2.00000 0.59923 536.11110 122.52055
98.00000 48.00000 4.00000 3.00000 7.91839 244.00634 91.74795
167.00000 31.00000 2.00000 6.00000 53.50428 32.04933 93.61096
82.00000 37.00000 2.00000 5.00000 6.53422 250.83606 92.18630
62.00000 24.00000 2.00000 6.00000 2.32758 335.97815 93.61096
65.00000 39.00000 1.00000 6.00000 5.60988 262.41979 94.70137
158.00000 108.00000 1.00000 2.00000 70.94818 18.14745 89.00274
198.00000 93.00000 4.00000 6.00000 140.07776 0.07259 96.02192
115.00000 12.00000 3.00000 6.00000 12.54817 182.14981 93.76712
163.00000 39.00000 8.00000 10.00000 98.94863 1.69181 126.79452
63.00000 27.00000 3.00000 3.00000 0.63267 487.48389 89.49315
169.00000 54.00000 10.00000 1.00000 31.15663 93.28042 128.21918
219.00000 78.00000 7.00000 5.00000 134.35167 0.22159 112.55890
173.00000 44.00000 6.00000 8.00000 91.42632 4.08390 109.86849
213.00000 46.00000 10.00000 2.00000 64.99374 23.36355 129.64384
201.00000 55.00000 7.00000 4.00000 83.05539 9.44680 111.13425
243.00000 26.00000 3.00000 3.00000 83.96067 9.42382 89.49315
123.00000 47.00000 9.00000 1.00000 8.58884 245.35264 121.09589
102.00000 76.00000 3.00000 7.00000 47.33692 40.90853 95.19178
145.00000 10.00000 1.00000 3.00000 10.62176 212.53828 90.42740
194.00000 23.00000 10.00000 1.00000 27.77612 106.36780 128.21918
164.00000 21.00000 6.00000 9.00000 72.42922 10.84778 111.29315
178.00000 61.00000 2.00000 5.00000 78.43478 10.53997 92.18630
157.00000 28.00000 8.00000 2.00000 17.81319 157.33678 115.39726
193.00000 99.00000 1.00000 3.00000 105.72983 3.30817 90.42740
237.00000 37.00000 10.00000 4.00000 99.96852 4.04262 132.49315
194.00000 33.00000 6.00000 4.00000 57.97259 28.98423 104.16986
236.00000 15.00000 8.00000 7.00000 112.36282 1.16040 122.52055
74.00000 53.00000 7.00000 1.00000 1.58681 425.27042 106.86027
61.00000 78.00000 3.00000 10.00000 44.26048 43.14548 99.46575
116.00000 81.00000 8.00000 5.00000 44.10888 48.84006 119.67123
94.00000 59.00000 4.00000 1.00000 4.77172 311.23852 88.89863
132.00000 76.00000 8.00000 2.00000 29.17228 99.17075 115.39726
101.00000 104.00000 2.00000 7.00000 69.14050 14.97171 95.03562
148.00000 28.00000 1.00000 7.00000 45.87769 43.60906 96.12603
158.00000 12.00000 5.00000 5.00000 27.15484 99.02460 99.23836
70.00000 62.00000 7.00000 6.00000 14.48457 166.84018 113.98356
231.00000 18.00000 5.00000 10.00000 145.59452 0.00000 106.36164
113.00000 100.00000 4.00000 3.00000 39.03513 64.70231 91.74795
206.00000 87.00000 8.00000 9.00000 178.22347 0.00000 125.36986
55.00000 109.00000 5.00000 2.00000 10.12715 223.87137 94.96438
213.00000 73.00000 4.00000 10.00000 182.58212 0.00000 101.72055
175.00000 52.00000 7.00000 4.00000 57.97259 28.98423 111.13425
148.00000 72.00000 6.00000 4.00000 52.47243 36.47167 104.16986
183.00000 17.00000 7.00000 2.00000 24.87118 117.65187 108.28493
217.00000 102.00000 9.00000 8.00000 192.57535 0.00000 131.06849
250.00000 95.00000 6.00000 4.00000 170.13620 0.00000 104.16986
66.00000 108.00000 4.00000 1.00000 9.72235 231.02690 88.89863
171.00000 101.00000 10.00000 4.00000 98.05379 4.46563 132.49315
159.00000 108.00000 4.00000 9.00000 152.23218 0.00000 100.29589
146.00000 59.00000 5.00000 7.00000 69.14050 14.97171 102.08767
106.00000 62.00000 7.00000 4.00000 20.29331 135.48895 111.13425
215.00000 21.00000 4.00000 4.00000 65.39909 21.13180 93.17260
168.00000 18.00000 1.00000 6.00000 44.56041 47.30983 94.70137
140.00000 76.00000 2.00000 1.00000 27.23546 108.66282 86.48767
143.00000 69.00000 5.00000 8.00000 86.70144 5.45110 103.51233
207.00000 30.00000 6.00000 3.00000 56.44194 31.77655 102.74520
54.00000 42.00000 10.00000 2.00000 0.66457 516.44452 129.64384
227.00000 31.00000 4.00000 6.00000 107.46437 1.95032 96.02192
69.00000 38.00000 9.00000 7.00000 9.61253 207.16760 129.64384
124.00000 100.00000 1.00000 2.00000 38.93101 67.99125 89.00274
163.00000 29.00000 9.00000 3.00000 26.47347 106.85882 123.94521
233.00000 83.00000 5.00000 4.00000 141.16395 0.09018 97.81370
67.00000 31.00000 10.00000 10.00000 19.78581 125.70340 141.04110
152.00000 80.00000 4.00000 2.00000 44.33778 55.03850 90.32329
78.00000 88.00000 7.00000 4.00000 19.37404 140.88922 111.13425
196.00000 19.00000 9.00000 5.00000 57.75020 27.07682 126.79452
208.00000 32.00000 7.00000 7.00000 101.62576 2.45665 115.40822
237.00000 46.00000 6.00000 1.00000 75.52009 15.19825 99.89589
197.00000 96.00000 3.00000 10.00000 189.57977 0.00000 99.46575
249.00000 17.00000 2.00000 8.00000 139.59707 0.01977 96.46027
91.00000 43.00000 8.00000 8.00000 26.76240 95.62519 123.94521
245.00000 45.00000 2.00000 2.00000 92.68989 6.89626 87.91233
210.00000 68.00000 8.00000 5.00000 115.57306 1.29669 119.67123
135.00000 10.00000 10.00000 6.00000 20.20895 130.48384 135.34247
144.00000 31.00000 7.00000 2.00000 13.83142 187.41118 108.28493
165.00000 50.00000 3.00000 4.00000 48.70383 42.62032 90.91781
193.00000 54.00000 1.00000 7.00000 108.44261 1.55264 96.12603
99.00000 79.00000 8.00000 1.00000 10.95431 217.19339 113.97260
100.00000 95.00000 6.00000 2.00000 22.37607 130.16791 101.32055
112.00000 109.00000 5.00000 7.00000 83.57179 7.15495 102.08767
79.00000 15.00000 9.00000 4.00000 1.13600 409.57837 125.36986
136.00000 110.00000 6.00000 9.00000 131.25644 0.08612 111.29315
53.00000 80.00000 1.00000 9.00000 32.74606 72.34482 98.97534
170.00000 56.00000 3.00000 9.00000 111.39796 0.76019 98.04110
239.00000 16.00000 5.00000 8.00000 128.62853 0.15863 103.51233
202.00000 92.00000 5.00000 1.00000 85.44228 9.82762 93.53973
93.00000 45.00000 8.00000 5.00000 12.47033 185.54843 119.67123
217.00000 11.00000 9.00000 1.00000 34.12352 83.12324 121.09589
185.00000 56.00000 7.00000 9.00000 126.27714 0.18124 118.25753
104.00000 79.00000 4.00000 6.00000 42.44791 51.74235 96.02192
169.00000 49.00000 8.00000 3.00000 42.40307 56.55040 116.82192
120.00000 22.00000 10.00000 3.00000 6.86674 258.74136 131.06849
121.00000 56.00000 7.00000 10.00000 75.34515 8.63248 119.68219
126.00000 89.00000 9.00000 6.00000 67.48792 16.99602 128.21918
180.00000 78.00000 1.00000 2.00000 64.15828 24.18455 89.00274
117.00000 32.00000 9.00000 2.00000 6.14556 278.93832 122.52055
106.00000 55.00000 6.00000 5.00000 22.46045 120.53758 105.59452
88.00000 107.00000 2.00000 7.00000 60.63135 22.40921 95.03562
169.00000 61.00000 6.00000 10.00000 126.61433 0.06722 112.71781
69.00000 54.00000 6.00000 1.00000 1.32632 443.96129 99.89589
51.00000 88.00000 2.00000 4.00000 9.09330 224.44028 90.76164
163.00000 18.00000 3.00000 2.00000 16.15290 169.02861 88.06849
59.00000 23.00000 4.00000 4.00000 0.56724 466.71449 93.17260
188.00000 106.00000 1.00000 5.00000 131.37208 0.31865 93.27671
192.00000 11.00000 9.00000 8.00000 78.37625 8.81009 131.06849
127.00000 27.00000 1.00000 9.00000 47.02470 38.77322 98.97534
155.00000 104.00000 8.00000 5.00000 97.11592 3.97915 119.67123
233.00000 64.00000 6.00000 9.00000 182.22213 0.00000 111.29315
154.00000 66.00000 7.00000 5.00000 61.84336 22.55099 112.55890
57.00000 93.00000 6.00000 5.00000 17.30913 149.76256 105.59452
176.00000 45.00000 3.00000 10.00000 117.65349 0.24791 99.46575
114.00000 101.00000 9.00000 5.00000 57.75020 27.07682 126.79452
224.00000 96.00000 10.00000 7.00000 181.10762 0.00000 136.76712
172.00000 61.00000 1.00000 9.00000 118.32764 0.42033 98.97534
174.00000 73.00000 3.00000 10.00000 143.59519 0.00000 99.46575
144.00000 86.00000 4.00000 7.00000 92.02021 4.41212 97.44657
186.00000 98.00000 5.00000 2.00000 87.10300 8.95172 94.96438
63.00000 25.00000 4.00000 8.00000 7.50290 229.25062 98.87123
92.00000 109.00000 1.00000 1.00000 19.78984 146.40956 87.57808
63.00000 50.00000 3.00000 6.00000 7.92884 229.02968 93.76712
228.00000 18.00000 6.00000 7.00000 107.46603 1.66804 108.44384
128.00000 102.00000 7.00000 7.00000 92.02021 4.41212 115.40822
212.00000 62.00000 9.00000 4.00000 99.96852 4.04262 125.36986
176.00000 27.00000 9.00000 9.00000 89.06215 4.04259 132.49315
84.00000 63.00000 6.00000 4.00000 11.71162 197.54528 104.16986
231.00000 70.00000 1.00000 3.00000 114.46269 1.98759 90.42740
78.00000 52.00000 9.00000 5.00000 9.71468 211.75678 126.79452
241.00000 84.00000 8.00000 5.00000 162.29797 0.00000 119.67123
174.00000 40.00000 4.00000 2.00000 32.66710 86.65493 90.32329
160.00000 103.00000 1.00000 9.00000 148.23352 0.00000 98.97534
243.00000 25.00000 6.00000 8.00000 141.59488 0.01215 109.86849
147.00000 98.00000 1.00000 7.00000 106.49086 1.79051 96.12603
178.00000 83.00000 8.00000 5.00000 99.03701 3.58795 119.67123
246.00000 60.00000 8.00000 1.00000 96.63128 5.79275 113.97260
122.00000 57.00000 1.00000 5.00000 32.33687 79.94985 93.27671
170.00000 85.00000 4.00000 4.00000 82.13860 9.86118 93.17260
92.00000 59.00000 6.00000 3.00000 9.36461 226.24579 102.74520
187.00000 29.00000 3.00000 8.00000 90.47652 4.33325 96.61644
112.00000 84.00000 4.00000 6.00000 51.95856 34.31735 96.02192
92.00000 44.00000 5.00000 7.00000 21.46948 121.50094 102.08767
130.00000 101.00000 8.00000 9.00000 116.34453 0.50143 125.36986
52.00000 34.00000 2.00000 10.00000 14.49067 159.20760 99.30959
195.00000 56.00000 1.00000 3.00000 67.91186 19.14961 90.42740
84.00000 58.00000 1.00000 7.00000 24.54969 106.91209 96.12603
147.00000 30.00000 7.00000 8.00000 55.99659 26.86820 116.83288
58.00000 16.00000 1.00000 5.00000 0.59695 446.07430 93.27671
64.00000 83.00000 8.00000 6.00000 21.18012 125.34306 121.09589
110.00000 96.00000 2.00000 9.00000 91.91901 3.33190 97.88493
75.00000 15.00000 6.00000 4.00000 0.89675 428.37542 104.16986
85.00000 21.00000 3.00000 3.00000 1.31270 410.91084 89.49315
241.00000 94.00000 2.00000 7.00000 196.10259 0.00000 95.03562
83.00000 60.00000 3.00000 3.00000 7.12172 255.01796 89.49315
185.00000 88.00000 9.00000 5.00000 110.67750 1.81055 126.79452
91.00000 99.00000 8.00000 5.00000 39.30283 59.79810 119.67123
237.00000 19.00000 10.00000 9.00000 141.23627 0.00199 139.61644
90.00000 29.00000 4.00000 6.00000 9.74985 208.14478 96.02192
108.00000 94.00000 7.00000 1.00000 20.24473 143.68571 106.86027
184.00000 99.00000 6.00000 4.00000 108.65908 2.51050 104.16986
192.00000 68.00000 6.00000 10.00000 156.59083 0.00000 112.71781
90.00000 99.00000 3.00000 4.00000 31.39108 86.01297 90.91781
165.00000 100.00000 7.00000 3.00000 80.30614 11.14450 109.70959
228.00000 26.00000 1.00000 7.00000 115.31441 0.92334 96.12603
186.00000 93.00000 2.00000 8.00000 152.58876 0.00000 96.46027
75.00000 20.00000 4.00000 9.00000 13.60538 166.57776 100.29589
51.00000 71.00000 3.00000 4.00000 4.76025 287.74658 90.91781
205.00000 102.00000 1.00000 3.00000 120.32726 1.32049 90.42740
219.00000 69.00000 5.00000 7.00000 149.11834 0.00000 102.08767
226.00000 29.00000 5.00000 5.00000 93.29697 4.87771 99.23836
98.00000 64.00000 10.00000 6.00000 29.16256 90.28039 135.34247
177.00000 57.00000 1.00000 7.00000 95.83773 3.50644 96.12603
152.00000 62.00000 2.00000 4.00000 47.96657 43.93231 90.76164
223.00000 110.00000 4.00000 8.00000 206.57066 0.00000 98.87123
222.00000 67.00000 5.00000 6.00000 138.08401 0.10046 100.66301
126.00000 72.00000 3.00000 1.00000 18.46911 154.80090 86.64384
94.00000 63.00000 7.00000 1.00000 5.53633 295.06831 106.86027
245.00000 63.00000 10.00000 7.00000 169.11164 0.00000 136.76712
138.00000 55.00000 5.00000 9.00000 79.69671 7.19863 104.93699
164.00000 37.00000 10.00000 7.00000 65.68425 17.68372 136.76712
227.00000 32.00000 9.00000 10.00000 155.59117 0.00000 133.91781
220.00000 40.00000 9.00000 10.00000 156.59083 0.00000 133.91781
128.00000 46.00000 2.00000 1.00000 9.72235 231.02690 86.48767
56.00000 19.00000 8.00000 1.00000 0.38954 679.19692 113.97260
77.00000 36.00000 7.00000 5.00000 5.12254 273.76760 112.55890
233.00000 22.00000 3.00000 8.00000 128.62853 0.15863 96.61644
218.00000 58.00000 5.00000 6.00000 125.16646 0.49095 100.66301
189.00000 90.00000 7.00000 6.00000 128.13925 0.35991 113.98356
62.00000 47.00000 9.00000 2.00000 1.05916 453.43924 122.52055
134.00000 82.00000 2.00000 10.00000 112.69473 0.44578 99.30959
114.00000 70.00000 1.00000 2.00000 17.38761 160.20722 89.00274
118.00000 20.00000 2.00000 1.00000 2.59323 375.32097 86.48767
131.00000 106.00000 9.00000 4.00000 66.24729 20.37447 125.36986
125.00000 14.00000 7.00000 9.00000 36.56774 61.46328 118.25753
248.00000 85.00000 4.00000 7.00000 194.10326 0.00000 97.44657
239.00000 26.00000 1.00000 6.00000 114.32125 1.24646 94.70137
183.00000 74.00000 7.00000 10.00000 153.59184 0.00000 119.68219
247.00000 12.00000 1.00000 6.00000 108.44058 1.83307 94.70137
182.00000 15.00000 4.00000 4.00000 36.29746 70.55831 93.17260
208.00000 69.00000 3.00000 1.00000 70.27105 18.94299 86.64384
143.00000 55.00000 2.00000 4.00000 36.93683 68.75682 90.76164
225.00000 72.00000 3.00000 8.00000 170.58273 0.00000 96.61644
141.00000 91.00000 9.00000 7.00000 93.92413 3.93509 129.64384
143.00000 80.00000 10.00000 3.00000 45.91777 49.13226 131.06849
145.00000 37.00000 6.00000 3.00000 21.40511 131.50024 102.74520
140.00000 73.00000 5.00000 9.00000 98.66599 2.07854 104.93699
136.00000 33.00000 6.00000 8.00000 49.78067 35.77522 109.86849
102.00000 89.00000 3.00000 2.00000 20.47870 140.67440 88.06849
116.00000 97.00000 4.00000 4.00000 47.23317 45.26364 93.17260
129.00000 13.00000 10.00000 7.00000 24.54969 106.91209 136.76712
77.00000 17.00000 1.00000 7.00000 5.95203 253.84334 96.12603
57.00000 41.00000 6.00000 6.00000 4.32243 285.97251 107.01918
199.00000 51.00000 3.00000 6.00000 99.70519 3.14099 93.76712
153.00000 82.00000 6.00000 10.00000 131.60581 0.03300 112.71781
73.00000 81.00000 9.00000 8.00000 39.08496 57.27150 131.06849
56.00000 73.00000 4.00000 1.00000 1.73804 416.02994 88.89863
147.00000 75.00000 1.00000 1.00000 30.57843 95.38774 87.57808
53.00000 104.00000 10.00000 2.00000 8.12072 248.82748 129.64384
82.00000 101.00000 9.00000 7.00000 51.08080 34.63632 129.64384
120.00000 21.00000 2.00000 3.00000 6.62017 262.50682 89.33699
224.00000 79.00000 3.00000 7.00000 164.11332 0.00000 95.19178
167.00000 77.00000 3.00000 4.00000 72.29186 15.60908 90.91781
214.00000 34.00000 3.00000 5.00000 86.71048 6.93353 92.34247
85.00000 84.00000 9.00000 10.00000 68.23154 13.05105 133.91781
232.00000 77.00000 2.00000 8.00000 182.57870 0.00000 96.46027
198.00000 41.00000 5.00000 4.00000 67.95560 18.91938 97.81370
60.00000 35.00000 3.00000 6.00000 3.75199 298.11524 93.76712
79.00000 65.00000 7.00000 2.00000 5.08743 298.63927 108.28493
104.00000 64.00000 6.00000 5.00000 26.07234 103.60875 105.59452
157.00000 87.00000 8.00000 4.00000 72.29186 15.60908 118.24658
131.00000 94.00000 3.00000 2.00000 39.58882 66.28196 88.06849
83.00000 107.00000 3.00000 1.00000 15.18267 178.35529 86.64384
129.00000 48.00000 4.00000 8.00000 55.99659 26.86820 98.87123
55.00000 57.00000 2.00000 8.00000 15.95288 151.54075 96.46027
120.00000 74.00000 2.00000 8.00000 70.30595 13.44353 96.46027
73.00000 12.00000 8.00000 2.00000 0.50339 570.62018 115.39726
209.00000 28.00000 9.00000 9.00000 122.29862 0.28190 132.49315
181.00000 23.00000 9.00000 1.00000 21.16354 138.28309 121.09589
112.00000 27.00000 3.00000 3.00000 6.14123 270.10876 89.49315
203.00000 16.00000 5.00000 7.00000 81.72005 7.89291 102.08767
127.00000 50.00000 7.00000 10.00000 75.34515 8.63248 119.68219
190.00000 40.00000 2.00000 4.00000 60.40443 26.14847 90.76164
229.00000 15.00000 6.00000 7.00000 105.51586 1.91385 108.44384
68.00000 106.00000 10.00000 9.00000 62.85794 17.97295 139.61644
235.00000 16.00000 10.00000 8.00000 124.65584 0.28848 138.19178
80.00000 57.00000 5.00000 10.00000 42.83658 46.02260 106.36164
119.00000 35.00000 2.00000 2.00000 7.33939 259.91585 87.91233
150.00000 42.00000 1.00000 4.00000 33.18373 79.98126 91.85205
89.00000 38.00000 7.00000 3.00000 3.73536 318.05934 109.70959
124.00000 19.00000 8.00000 3.00000 7.12172 255.01796 116.82192
188.00000 107.00000 8.00000 9.00000 180.22280 0.00000 125.36986
155.00000 26.00000 6.00000 1.00000 11.93547 207.10421 99.89589
59.00000 36.00000 6.00000 3.00000 0.76546 463.15620 102.74520
124.00000 35.00000 3.00000 9.00000 50.78923 32.60427 98.04110
85.00000 48.00000 3.00000 8.00000 26.20710 97.84702 96.61644
159.00000 11.00000 2.00000 6.00000 33.91452 74.05358 93.61096
167.00000 93.00000 10.00000 3.00000 75.80311 13.62096 131.06849
191.00000 35.00000 2.00000 2.00000 40.25119 64.59547 87.91233
229.00000 14.00000 4.00000 5.00000 82.08991 8.82232 94.59726
248.00000 79.00000 2.00000 6.00000 176.05118 0.00000 93.61096
201.00000 87.00000 9.00000 4.00000 113.53327 1.88984 125.36986
130.00000 89.00000 3.00000 3.00000 43.09255 54.99947 89.49315
61.00000 105.00000 6.00000 5.00000 25.01290 108.30820 105.59452
153.00000 85.00000 8.00000 7.00000 99.68902 2.76959 122.52055
101.00000 11.00000 8.00000 6.00000 7.64822 232.62490 121.09589
108.00000 60.00000 8.00000 1.00000 8.05955 252.70285 113.97260
119.00000 83.00000 9.00000 1.00000 20.24473 143.68571 121.09589
149.00000 76.00000 8.00000 10.00000 121.63078 0.14110 126.79452
87.00000 95.00000 7.00000 8.00000 60.05862 22.18677 116.83288
146.00000 91.00000 10.00000 3.00000 56.44194 31.77655 131.06849
67.00000 52.00000 1.00000 10.00000 31.02984 76.95877 100.40000
108.00000 17.00000 9.00000 2.00000 2.24579 379.39922 122.52055
222.00000 107.00000 1.00000 3.00000 142.07683 0.10520 90.42740
171.00000 88.00000 1.00000 2.00000 64.99374 23.36355 89.00274
200.00000 105.00000 9.00000 8.00000 178.58005 0.00000 131.06849
244.00000 10.00000 10.00000 7.00000 115.31441 0.92334 136.76712
126.00000 22.00000 2.00000 5.00000 16.44365 155.43182 92.18630
182.00000 91.00000 4.00000 1.00000 66.85949 21.87847 88.89863
50.00000 106.00000 3.00000 5.00000 20.03845 133.41922 92.34247
207.00000 85.00000 7.00000 5.00000 129.38880 0.39888 112.55890
204.00000 62.00000 8.00000 5.00000 103.86657 2.74415 119.67123
227.00000 13.00000 10.00000 1.00000 41.80436 61.54753 128.21918
110.00000 70.00000 6.00000 7.00000 48.82083 38.33147 108.44384
242.00000 25.00000 5.00000 6.00000 116.28733 1.08019 100.66301
96.00000 40.00000 6.00000 2.00000 3.68270 331.60220 101.32055
203.00000 33.00000 1.00000 1.00000 39.15661 68.30209 87.57808
97.00000 79.00000 6.00000 3.00000 18.64288 147.67905 102.74520
202.00000 13.00000 2.00000 4.00000 48.70383 42.62032 90.76164
199.00000 43.00000 2.00000 4.00000 70.54469 16.86987 90.76164
238.00000 65.00000 7.00000 4.00000 128.26985 0.59789 111.13425
206.00000 66.00000 5.00000 8.00000 145.59131 0.00101 103.51233
60.00000 93.00000 3.00000 3.00000 9.98190 219.33558 89.49315
93.00000 80.00000 4.00000 9.00000 62.01747 18.76891 100.29589
66.00000 92.00000 6.00000 9.00000 50.02533 33.78306 111.29315
172.00000 27.00000 9.00000 8.00000 74.75672 10.70572 131.06849
179.00000 74.00000 9.00000 6.00000 102.60336 2.63690 128.21918
107.00000 81.00000 9.00000 8.00000 65.09726 17.39002 131.06849
71.00000 78.00000 9.00000 2.00000 6.14556 278.93832 122.52055
239.00000 38.00000 4.00000 9.00000 162.22883 0.00000 100.29589
89.00000 46.00000 3.00000 1.00000 2.27319 388.71572 86.64384
97.00000 92.00000 5.00000 5.00000 38.64183 61.49143 99.23836
86.00000 87.00000 8.00000 7.00000 43.73087 47.86990 122.52055
211.00000 73.00000 3.00000 4.00000 109.63183 2.37591 90.91781
212.00000 94.00000 9.00000 8.00000 179.57971 0.00000 131.06849
114.00000 48.00000 4.00000 5.00000 22.95887 118.03135 94.59726
208.00000 39.00000 2.00000 5.00000 85.78000 7.27948 92.18630
230.00000 92.00000 8.00000 6.00000 171.05286 0.00000 121.09589
141.00000 59.00000 10.00000 6.00000 55.06611 29.86181 135.34247
181.00000 107.00000 7.00000 6.00000 137.08783 0.11788 113.98356
145.00000 28.00000 8.00000 6.00000 35.79510 68.46150 121.09589
204.00000 24.00000 7.00000 4.00000 58.77731 28.00947 111.13425
109.00000 39.00000 5.00000 3.00000 8.48096 236.82253 96.38904
246.00000 78.00000 7.00000 3.00000 137.10288 0.22709 109.70959
221.00000 58.00000 6.00000 3.00000 93.29182 6.09635 102.74520
216.00000 13.00000 1.00000 5.00000 69.51928 15.94569 93.27671
179.00000 49.00000 10.00000 4.00000 58.77731 28.00947 132.49315
111.00000 84.00000 6.00000 4.00000 35.03449 74.24010 104.16986
245.00000 24.00000 4.00000 4.00000 95.20065 5.19491 93.17260
137.00000 23.00000 8.00000 1.00000 6.16345 283.20895 113.97260
139.00000 47.00000 6.00000 10.00000 83.63376 5.09065 112.71781
178.00000 68.00000 5.00000 5.00000 84.85452 7.65040 99.23836
95.00000 66.00000 6.00000 10.00000 61.40357 18.89781 112.71781
65.00000 88.00000 4.00000 9.00000 46.28790 40.08754 100.29589
103.00000 43.00000 1.00000 8.00000 33.87506 71.20863 97.55069
161.00000 82.00000 8.00000 3.00000 61.24163 25.78506 116.82192
115.00000 61.00000 9.00000 6.00000 37.73201 63.15109 128.21918
65.00000 98.00000 2.00000 3.00000 13.38646 186.37517 89.33699
151.00000 104.00000 2.00000 2.00000 61.68044 26.79032 87.91233
180.00000 101.00000 10.00000 1.00000 73.75443 16.36658 128.21918
190.00000 81.00000 10.00000 9.00000 156.23084 0.00000 139.61644
249.00000 30.00000 6.00000 5.00000 116.55468 1.20650 105.59452
133.00000 61.00000 7.00000 7.00000 59.80499 23.27574 115.40822
166.00000 97.00000 6.00000 9.00000 148.23352 0.00000 111.29315
184.00000 25.00000 3.00000 9.00000 94.79741 2.72894 98.04110
218.00000 51.00000 6.00000 8.00000 142.59393 0.00909 109.86849
211.00000 68.00000 7.00000 6.00000 128.13925 0.35991 113.98356
81.00000 36.00000 8.00000 3.00000 2.30442 360.88788 116.82192
72.00000 60.00000 5.00000 5.00000 10.36584 205.01593 99.23836
191.00000 37.00000 4.00000 6.00000 79.04027 9.77952 96.02192
109.00000 64.00000 7.00000 2.00000 13.10301 193.76575 108.28493
243.00000 41.00000 10.00000 9.00000 169.22648 0.00000 139.61644
159.00000 10.00000 10.00000 3.00000 15.68642 167.88500 131.06849
72.00000 49.00000 4.00000 9.00000 25.73611 97.27499 100.29589
232.00000 38.00000 9.00000 10.00000 166.58748 0.00000 133.91781
118.00000 86.00000 5.00000 3.00000 33.31918 81.10747 96.38904
156.00000 77.00000 5.00000 10.00000 129.60882 0.04471 106.36164
198.00000 110.00000 5.00000 9.00000 193.21844 0.00000 104.93699
151.00000 56.00000 2.00000 7.00000 70.89131 13.72912 95.03562
68.00000 66.00000 7.00000 8.00000 26.76240 95.62519 116.83288
186.00000 81.00000 2.00000 7.00000 128.17925 0.26932 95.03562
79.00000 82.00000 8.00000 5.00000 22.46045 120.53758 119.67123
154.00000 71.00000 5.00000 5.00000 66.06447 18.66493 99.23836
76.00000 10.00000 10.00000 3.00000 0.55441 507.08587 131.06849
73.00000 67.00000 5.00000 8.00000 30.21374 82.89198 103.51233
103.00000 20.00000 8.00000 6.00000 11.09445 194.87448 121.09589
137.00000 98.00000 7.00000 2.00000 46.45322 50.62071 108.28493
