230.00000 67.00000 3.00000 6.00000 146.06578 0.02274 93.76712
235.00000 46.00000 3.00000 9.00000 166.22749 0.00000 98.04110
229.00000 55.00000 1.00000 1.00000 76.40837 14.64135 87.57808
155.00000 13.00000 3.00000 9.00000 57.88905 23.11843 98.04110
161.00000 106.00000 2.00000 7.00000 128.17925 0.26932 95.03562
172.00000 92.00000 9.00000 5.00000 101.93010 3.05844 126.79452
139.00000 53.00000 7.00000 3.00000 26.47347 106.85882 109.70959
245.00000 29.00000 8.00000 7.00000 135.13925 0.08106 122.52055
106.00000 68.00000 1.00000 4.00000 23.19546 120.00973 91.85205
213.00000 100.00000 2.00000 5.00000 150.30273 0.00369 92.18630
148.00000 105.00000 2.00000 9.00000 138.23936 0.01246 97.88493
155.00000 49.00000 4.00000 9.00000 90.01219 3.79447 100.29589
228.00000 53.00000 6.00000 4.00000 106.71764 2.79994 104.16986
82.00000 37.00000 8.00000 5.00000 6.53422 250.83606 119.67123
207.00000 41.00000 5.00000 4.00000 75.82168 13.26484 97.81370
158.00000 101.00000 3.00000 1.00000 55.51782 35.14669 86.64384
58.00000 86.00000 9.00000 9.00000 39.91007 53.18330 132.49315
240.00000 30.00000 2.00000 4.00000 96.14806 4.93364 90.76164
167.00000 76.00000 1.00000 6.00000 93.01631 4.68488 94.70137
116.00000 12.00000 4.00000 5.00000 9.08394 218.59972 94.59726
230.00000 55.00000 6.00000 8.00000 158.58675 0.00000 109.86849
87.00000 100.00000 4.00000 6.00000 45.27486 45.88381 96.02192
233.00000 22.00000 2.00000 8.00000 128.62853 0.15863 96.46027
109.00000 77.00000 9.00000 5.00000 36.68951 66.72478 126.79452
72.00000 56.00000 1.00000 9.00000 29.72654 82.23884 98.97534
193.00000 10.00000 4.00000 1.00000 20.70118 140.96964 88.89863
91.00000 88.00000 6.00000 4.00000 25.78694 107.97552 104.16986
232.00000 82.00000 2.00000 1.00000 104.25284 3.91396 86.48767
150.00000 36.00000 2.00000 4.00000 29.64900 92.29756 90.76164
108.00000 94.00000 7.00000 1.00000 20.24473 143.68571 106.86027
118.00000 59.00000 6.00000 3.00000 19.08912 144.91193 102.74520
241.00000 30.00000 7.00000 9.00000 156.23084 0.00000 118.25753
66.00000 66.00000 3.00000 8.00000 25.65883 100.10401 96.61644
201.00000 109.00000 9.00000 9.00000 195.21777 0.00000 132.49315
171.00000 23.00000 4.00000 1.00000 16.77866 166.34197 88.89863
119.00000 38.00000 9.00000 9.00000 49.26673 34.98840 132.49315
83.00000 79.00000 7.00000 7.00000 36.32261 65.81016 115.40822
78.00000 48.00000 1.00000 3.00000 3.56894 322.22553 90.42740
99.00000 67.00000 2.00000 7.00000 38.93671 58.88739 95.03562
244.00000 50.00000 5.00000 9.00000 179.22313 0.00000 104.93699
131.00000 69.00000 7.00000 4.00000 38.22632 65.20762 111.13425
149.00000 56.00000 6.00000 4.00000 41.56310 56.89991 104.16986
241.00000 83.00000 6.00000 7.00000 185.10628 0.00000 108.44384
76.00000 86.00000 5.00000 1.00000 6.60433 275.41668 93.53973
164.00000 102.00000 8.00000 1.00000 61.06315 27.88505 113.97260
167.00000 28.00000 8.00000 5.00000 42.70574 51.82103 119.67123
179.00000 41.00000 6.00000 6.00000 71.85555 13.84251 107.01918
91.00000 27.00000 3.00000 3.00000 2.42285 356.48168 89.49315
166.00000 108.00000 8.00000 1.00000 67.70591 21.11225 113.97260
185.00000 19.00000 1.00000 3.00000 33.31918 81.10747 90.42740
166.00000 12.00000 5.00000 7.00000 47.33692 40.90853 102.08767
236.00000 43.00000 5.00000 9.00000 164.22816 0.00000 104.93699
177.00000 52.00000 2.00000 6.00000 79.95305 9.34512 93.61096
244.00000 35.00000 8.00000 4.00000 104.78297 3.12327 118.24658
175.00000 63.00000 7.00000 3.00000 57.23187 30.72788 109.70959
103.00000 105.00000 1.00000 2.00000 29.17228 99.17075 89.00274
205.00000 35.00000 1.00000 2.00000 50.07485 43.73722 89.00274
164.00000 45.00000 8.00000 7.00000 72.65800 12.56588 122.52055
140.00000 61.00000 7.00000 8.00000 76.55872 9.71912 116.83288
209.00000 23.00000 5.00000 9.00000 117.33609 0.46088 104.93699
132.00000 82.00000 3.00000 3.00000 39.69873 63.02196 89.49315
64.00000 36.00000 3.00000 3.00000 0.96251 439.14982 89.49315
79.00000 32.00000 5.00000 2.00000 1.15243 443.90895 94.96438
201.00000 49.00000 1.00000 9.00000 135.24442 0.03272 98.97534
71.00000 73.00000 7.00000 5.00000 14.78179 167.11582 112.55890
185.00000 108.00000 9.00000 6.00000 142.07234 0.04880 128.21918
149.00000 32.00000 1.00000 6.00000 41.07479 54.87340 94.70137
159.00000 106.00000 5.00000 8.00000 138.59824 0.02394 103.51233
75.00000 58.00000 4.00000 3.00000 4.83431 293.56412 91.74795
97.00000 10.00000 1.00000 3.00000 1.38232 406.26062 90.42740
108.00000 96.00000 3.00000 5.00000 49.18368 39.22582 92.34247
234.00000 32.00000 6.00000 7.00000 127.18679 0.30539 108.44384
225.00000 91.00000 9.00000 6.00000 165.05487 0.00000 128.21918
92.00000 10.00000 8.00000 6.00000 5.15819 270.15798 121.09589
197.00000 66.00000 3.00000 8.00000 136.60081 0.03344 96.61644
78.00000 86.00000 1.00000 1.00000 7.06745 267.73562 87.57808
152.00000 39.00000 6.00000 4.00000 32.57976 81.95973 104.16986
233.00000 75.00000 7.00000 9.00000 193.21844 0.00000 118.25753
200.00000 41.00000 8.00000 9.00000 126.27714 0.18124 125.36986
103.00000 109.00000 2.00000 8.00000 86.70144 5.45110 96.46027
146.00000 20.00000 8.00000 6.00000 31.49458 81.94721 121.09589
230.00000 86.00000 4.00000 5.00000 153.30098 0.00000 94.59726
162.00000 91.00000 2.00000 1.00000 50.95496 42.32233 86.48767
174.00000 102.00000 9.00000 5.00000 113.61185 1.48730 126.79452
218.00000 109.00000 5.00000 9.00000 212.21207 0.00000 104.93699
212.00000 30.00000 6.00000 9.00000 127.27243 0.15934 111.29315
113.00000 76.00000 7.00000 9.00000 76.03288 8.87277 118.25753
236.00000 75.00000 1.00000 5.00000 148.30416 0.00750 93.27671
144.00000 28.00000 4.00000 7.00000 43.02625 49.34515 97.44657
178.00000 82.00000 5.00000 7.00000 121.23864 0.55457 102.08767
183.00000 27.00000 4.00000 1.00000 24.09156 122.93326 88.89863
50.00000 31.00000 3.00000 2.00000 0.45275 590.36030 88.06849
156.00000 99.00000 2.00000 6.00000 104.54481 2.34748 93.61096
60.00000 76.00000 7.00000 2.00000 3.68270 331.60220 108.28493
53.00000 54.00000 2.00000 3.00000 1.38232 406.26062 89.33699
180.00000 54.00000 3.00000 9.00000 119.31928 0.38018 98.04110
104.00000 38.00000 7.00000 3.00000 6.86674 258.74136 109.70959
143.00000 83.00000 1.00000 7.00000 88.24147 5.51173 96.12603
126.00000 42.00000 8.00000 1.00000 8.05955 252.70285 113.97260
76.00000 75.00000 2.00000 5.00000 17.74940 146.96557 92.18630
