100
185 81 8 7
121 45 7 6
65 46 10 4
131 44 1 4
93 27 2 2
179 106 5 10
103 79 1 10
173 62 7 8
81 28 7 5
141 66 3 1
145 19 1 3
101 52 8 10
231 99 7 3
89 35 6 7
75 14 1 10
69 110 5 4
119 103 5 6
127 97 2 5
165 65 1 6
85 88 3 2
223 54 2 5
91 63 4 5
191 73 1 9
55 104 4 3
233 87 4 9
225 93 9 7
159 33 2 10
183 91 2 8
161 78 4 8
163 30 4 9
123 101 7 3
71 68 6 7
133 80 8 2
239 37 9 10
193 40 10 8
189 42 10 2
169 50 10 4
139 109 7 7
115 96 7 4
77 74 10 6
87 100 3 2
199 47 6 7
241 25 10 5
135 90 1 1
177 21 9 9
59 61 7 10
211 15 5 2
181 29 7 8
107 105 6 6
79 82 5 2
157 20 3 1
57 39 9 5
67 49 8 6
53 98 1 3
51 89 5 6
203 85 6 1
125 72 10 1
111 70 3 8
201 12 6 5
235 41 1 5
175 38 5 6
217 53 4 9
213 67 10 3
73 59 1 3
197 51 3 1
205 107 6 1
95 84 9 9
227 58 8 10
153 95 8 10
219 31 8 8
243 56 6 9
113 16 10 6
245 75 8 8
187 32 4 8
117 26 2 3
221 76 6 10
63 83 9 4
97 108 10 7
155 24 2 4
99 11 9 7
83 102 9 9
143 55 4 5
195 57 5 1
151 22 2 5
171 34 9 6
249 48 9 4
237 36 5 3
147 86 2 3
209 18 4 9
137 92 3 4
149 77 8 7
105 71 6 4
109 94 8 1
229 17 7 9
129 23 3 8
167 69 3 1
247 64 5 2
61 13 4 2
215 10 2 2
207 43 3 7
