200
109 37 1 2
82 48 4 7
83 52 2 10
134 67 1 5
218 97 8 9
160 17 2 4
238 58 7 9
204 32 5 3
228 39 2 3
167 84 6 4
250 93 8 2
104 64 9 4
119 29 10 1
248 79 7 8
244 90 8 5
69 84 6 6
193 104 6 10
222 106 9 8
217 28 7 7
169 87 2 1
211 103 8 2
236 81 8 1
54 13 8 4
245 70 4 9
141 22 9 5
110 99 6 4
117 58 3 10
68 101 4 7
126 30 6 8
183 53 3 7
179 102 9 9
97 68 8 4
241 14 3 4
102 25 9 10
124 33 10 8
157 64 9 3
165 12 9 10
177 75 7 1
135 67 1 9
52 54 3 1
86 73 10 7
234 46 4 3
125 59 7 1
81 36 10 7
144 38 8 1
61 108 2 6
90 52 6 5
147 62 7 3
173 81 1 7
85 98 8 10
216 11 10 3
230 95 9 1
190 78 4 4
159 85 6 10
131 92 5 1
209 86 7 6
132 71 10 5
232 12 7 2
62 88 10 3
53 94 1 3
72 68 2 2
67 94 6 2
71 26 2 4
233 51 9 2
108 53 3 2
201 17 8 8
91 66 3 5
188 33 3 10
162 16 6 1
56 71 1 6
185 55 2 2
156 96 8 10
113 46 10 10
246 19 10 6
219 22 6 2
87 57 5 2
200 103 10 1
51 23 8 3
182 27 4 4
195 96 4 8
181 31 1 4
166 16 2 9
96 44 10 10
172 49 3 6
210 45 1 9
55 24 4 5
184 72 4 8
163 107 2 3
207 89 5 7
155 82 7 6
118 50 5 4
121 62 5 7
84 42 5 5
186 61 8 1
77 34 6 3
237 10 9 5
203 77 4 10
60 106 7 3
133 76 4 3
143 21 4 9
137 42 6 3
235 76 5 5
98 10 3 4
174 35 4 4
208 41 3 7
220 32 2 7
105 80 2 8
196 59 4 6
175 51 8 2
194 100 9 7
242 80 1 1
140 90 3 9
215 105 1 10
58 40 6 9
95 45 10 6
189 43 2 1
122 18 9 8
247 86 6 6
89 15 10 6
171 70 1 9
130 109 10 1
148 65 1 9
114 107 9 9
161 69 2 1
92 104 4 5
129 48 6 1
176 20 5 9
170 69 7 9
80 101 3 5
93 87 1 3
168 63 7 8
149 88 9 8
59 14 8 8
88 91 5 9
191 78 6 8
243 109 8 6
139 73 5 7
63 95 3 3
180 41 5 5
192 61 10 10
100 30 8 5
99 77 7 4
198 38 9 8
101 34 10 4
202 82 9 4
158 23 5 9
231 60 4 3
116 47 10 6
111 11 10 2
136 72 6 7
223 29 2 10
225 97 3 8
197 44 4 2
145 24 6 7
112 102 3 7
106 40 5 2
115 63 3 5
107 47 1 10
178 49 1 2
206 92 7 10
66 74 7 8
214 98 4 6
239 26 10 1
64 18 7 8
249 91 1 5
199 60 5 3
224 43 1 4
227 105 1 2
76 28 3 6
123 56 7 10
187 110 5 2
70 39 10 10
212 93 9 6
128 55 8 9
152 27 8 7
153 83 3 2
94 15 2 7
57 110 2 6
154 25 5 6
146 99 2 4
164 89 5 4
213 20 8 8
75 108 2 8
127 31 9 7
65 79 3 1
221 57 1 2
205 56 6 5
50 37 1 6
103 50 7 6
240 75 9 7
138 36 6 8
73 54 5 5
120 74 7 9
226 13 4 1
74 100 5 5
79 66 9 10
151 83 2 3
229 19 3 3
78 65 4 9
142 21 7 5
