500
163 64 2 2
58 35 9 8
190 28 1 6
62 77 2 5
133 28 8 4
158 51 6 4
83 25 5 7
196 88 7 4
139 43 5 1
158 101 2 2
85 47 5 7
194 10 10 7
159 25 9 6
130 10 1 10
243 85 6 10
129 46 6 3
202 60 9 1
89 28 6 8
112 58 5 1
83 101 7 9
215 83 5 8
161 86 1 2
89 97 8 6
178 18 1 9
241 52 9 4
181 27 7 6
96 56 10 10
195 16 2 2
190 75 2 5
217 42 9 3
217 86 6 2
235 29 4 7
51 62 4 10
164 45 7 5
205 88 2 10
245 21 6 1
203 82 3 2
50 81 8 6
135 36 3 9
72 32 3 2
131 40 10 2
175 89 2 9
184 57 3 1
75 19 4 10
63 89 3 7
119 52 8 10
186 78 5 10
110 27 7 8
73 45 4 4
206 46 1 7
99 15 10 8
243 31 1 8
215 20 1 6
202 19 10 6
232 99 8 3
67 24 8 9
109 105 5 5
196 36 2 7
225 67 7 7
195 48 7 10
51 17 1 9
100 26 3 2
250 11 5 9
128 106 4 10
125 35 4 8
241 110 9 2
100 78 1 2
103 88 8 4
131 42 2 7
83 81 7 9
206 70 7 5
159 87 6 6
189 62 8 6
81 18 6 4
105 66 10 7
72 29 1 8
90 102 3 3
161 19 5 1
162 110 10 3
65 52 1 5
73 109 2 3
231 87 9 6
208 56 2 3
95 82 7 10
69 55 1 1
97 56 7 5
157 77 4 8
88 41 10 1
111 53 2 10
246 65 2 5
104 33 1 3
182 68 4 3
94 41 3 10
98 107 6 7
238 99 6 3
237 99 5 1
73 51 8 6
150 22 2 7
75 61 10 5
63 74 4 6
136 64 8 6
142 20 7 9
50 82 3 6
247 14 2 5
114 10 3 5
53 96 6 6
249 100 4 6
233 73 5 1
71 39 1 5
157 33 10 6
57 54 6 7
246 50 6 2
218 36 8 10
126 74 8 1
156 77 1 1
167 20 10 7
132 47 2 6
249 25 3 8
174 75 4 8
236 94 5 4
95 67 9 3
118 22 3 2
61 28 4 7
91 76 10 2
123 22 2 6
53 23 10 4
149 90 7 10
184 84 7 1
110 50 6 3
121 18 6 2
240 10 2 7
245 70 5 7
211 36 3 5
51 73 1 6
114 90 8 3
116 26 8 9
54 92 1 9
198 29 9 7
153 38 6 6
137 50 9 10
212 57 1 3
118 104 10 8
114 39 9 9
210 90 3 6
77 19 10 2
149 101 6 7
173 58 4 2
100 45 9 10
197 26 4 7
183 62 6 6
192 34 4 4
126 45 2 9
93 110 1 3
229 37 2 7
133 11 9 8
145 74 8 2
197 109 9 2
87 52 3 5
227 12 2 9
185 33 8 1
86 85 7 1
182 12 8 7
123 46 7 1
80 14 3 10
76 53 4 10
247 66 6 5
86 28 1 4
120 18 4 6
55 31 10 1
147 30 2 1
194 89 7 9
220 104 1 9
151 109 7 9
79 50 8 4
137 67 3 2
191 24 7 4
231 61 7 6
68 16 5 1
70 61 9 10
250 83 4 3
209 93 9 7
227 55 3 8
124 49 9 5
98 96 4 9
52 39 5 2
121 38 8 7
77 108 5 2
110 31 3 10
99 98 9 3
163 55 5 10
70 61 5 10
186 14 8 1
213 79 6 6
152 23 1 5
169 42 6 9
167 109 9 2
132 37 9 10
153 68 5 3
247 95 2 3
134 23 3 8
209 13 5 5
60 34 5 6
94 76 7 1
164 103 1 3
122 66 10 1
78 16 4 3
59 72 3 2
102 62 5 7
155 95 3 1
91 60 1 6
69 67 2 6
146 14 8 8
219 38 3 9
152 79 2 4
234 42 3 9
117 38 1 2
249 10 10 8
76 59 6 7
74 41 10 6
241 43 2 3
160 90 7 4
157 95 2 4
94 37 5 7
78 63 9 9
223 32 3 9
239 38 4 7
179 85 9 8
84 80 5 7
77 57 3 10
190 74 10 4
101 21 3 2
244 100 1 9
192 87 4 10
198 73 8 7
133 90 9 6
128 44 1 2
174 11 4 5
67 15 8 6
231 81 2 6
240 96 9 3
182 69 5 5
199 13 5 9
200 18 7 4
59 47 4 4
119 57 10 10
104 30 9 4
104 47 6 5
211 17 5 4
180 78 2 10
201 105 10 8
202 43 7 2
206 63 5 4
171 31 7 9
147 108 9 9
54 71 2 1
204 91 3 5
226 106 5 1
239 107 6 2
107 41 7 5
181 98 1 8
111 83 6 3
134 32 9 8
172 71 9 5
222 44 4 7
58 106 10 10
113 39 7 2
148 103 5 4
194 45 9 5
184 49 6 4
62 50 4 3
144 65 10 6
205 13 1 7
87 70 2 9
128 77 10 7
162 20 10 6
191 23 3 2
103 26 8 3
178 63 2 8
65 100 7 10
92 99 4 8
88 30 3 8
238 75 6 2
55 16 9 6
207 94 1 9
55 76 9 3
217 82 6 10
85 64 8 6
71 108 9 7
198 42 8 7
151 51 3 6
201 72 4 2
235 80 8 1
137 43 5 5
235 31 5 4
229 27 8 6
170 40 5 10
173 27 1 8
233 36 8 4
80 33 8 3
234 24 6 10
67 64 4 6
102 99 2 1
187 44 9 2
145 13 6 7
214 37 3 2
193 56 4 6
172 84 8 8
228 55 4 9
117 104 6 7
112 54 1 9
155 46 10 3
203 104 10 10
144 69 7 8
237 44 8 1
177 72 3 1
230 85 5 7
139 95 6 2
135 12 2 9
155 69 2 9
200 49 3 7
96 94 6 4
142 92 5 4
176 58 10 4
92 25 8 9
169 43 9 3
188 59 7 5
143 89 2 2
160 110 7 8
228 70 6 8
57 93 10 5
102 85 8 3
186 102 9 9
225 72 10 5
139 21 1 10
120 78 10 2
204 106 5 1
232 94 3 4
96 13 1 2
122 110 10 3
149 93 8 4
60 63 6 8
221 107 4 9
141 65 8 5
108 51 1 10
106 83 4 6
219 17 6 7
212 48 8 7
79 40 9 10
136 98 7 1
106 53 10 10
153 54 7 9
81 23 6 1
64 62 5 6
106 55 8 4
204 60 7 1
222 92 10 2
90 68 1 2
188 86 7 7
230 29 2 1
143 63 3 5
115 15 6 2
193 64 2 8
126 58 4 3
81 49 6 3
124 33 8 9
116 73 5 8
199 87 4 10
168 37 9 3
183 98 3 5
168 104 8 4
208 86 2 1
159 89 5 2
223 44 10 2
221 12 3 4
147 91 10 5
188 86 5 5
216 19 4 4
151 80 10 8
101 93 5 6
141 69 7 10
214 97 8 8
68 30 8 10
175 75 4 3
239 105 8 3
245 65 9 7
138 83 1 7
176 101 2 10
211 25 10 10
61 68 3 5
242 59 8 5
242 32 8 8
150 51 3 5
166 93 1 8
196 16 7 10
118 71 10 4
129 107 5 8
92 79 9 9
229 102 6 9
66 80 7 1
248 88 8 5
122 59 5 8
57 52 3 9
200 72 1 1
64 75 5 6
156 58 9 7
223 14 9 10
148 91 6 5
192 70 5 9
115 35 8 8
131 66 5 7
130 54 6 4
207 41 7 2
87 26 10 9
124 109 5 2
169 49 4 5
216 96 3 4
172 40 6 6
140 54 7 3
227 69 7 3
221 87 4 9
179 35 7 3
69 39 7 1
84 81 4 3
187 46 4 5
243 97 4 1
109 57 2 9
167 60 2 10
224 34 1 4
225 79 3 4
174 15 7 1
138 84 6 1
61 95 2 3
165 21 1 4
145 91 7 10
63 22 6 2
165 102 2 3
185 35 4 8
154 96 9 4
82 11 6 3
65 97 10 3
59 17 9 7
71 92 3 4
180 24 3 5
93 29 6 6
213 24 1 4
220 84 8 4
113 53 10 4
112 48 10 1
161 21 10 5
52 107 5 4
98 53 4 2
163 12 9 8
108 61 9 1
236 76 10 5
82 92 6 4
248 48 7 8
89 103 9 8
66 100 10 8
116 108 10 10
75 71 3 2
56 32 1 3
127 105 2 3
237 48 2 9
154 47 1 9
233 73 4 5
143 94 1 8
127 105 5 8
105 59 3 4
53 66 1 7
146 84 7 1
178 22 4 1
244 78 6 9
97 97 10 9
170 81 7 2
226 108 1 1
74 30 9 5
171 71 10 3
120 82 3 10
180 17 2 6
177 11 2 1
56 91 6 8
165 65 4 10
189 79 9 4
140 74 5 1
125 103 7 3
218 34 2 1
85 88 9 5
219 67 1 8
215 98 8 5
224 68 8 7
176 56 7 3
210 27 3 5
208 102 4 9
135 76 1 5
141 77 4 6
213 101 4 1
107 106 3 6
108 34 9 7
79 15 1 8
166 103 2 8
