76 37 10 10
81 73 5 4
91 82 10 10
58 23 1 1
131 109 3 1
214 87 5 6
171 63 4 10
227 53 5 4
111 19 1 9
186 90 3 7
164 20 5 3
209 68 2 7
83 56 6 7
189 61 8 8
66 25 10 5
68 107 5 4
181 72 1 7
51 15 8 1
196 59 2 6
116 16 6 3
242 49 8 3
134 100 1 2
169 91 2 4
219 95 9 2
239 101 2 7
237 77 1 9
119 110 8 9
61 35 4 9
146 52 9 6
71 51 8 1
194 78 3 4
101 57 4 2
63 18 5 4
154 13 7 4
88 83 10 9
191 24 2 2
93 54 9 9
249 99 1 10
98 34 4 7
144 28 6 3
78 14 7 2
176 80 1 7
217 85 10 8
224 92 3 2
166 47 4 5
159 29 6 6
106 33 5 5
212 44 6 5
229 58 8 6
141 104 9 1
121 88 7 3
222 40 7 9
232 67 4 3
139 76 1 7
184 10 9 8
204 43 6 8
244 48 3 10
126 105 2 10
247 97 3 10
149 81 9 6
114 102 7 5
174 106 2 4
86 71 10 5
109 39 7 3
234 30 3 5
129 42 3 6
136 11 7 2
151 75 6 5
56 66 9 8
53 27 8 8
73 45 8 8
156 38 10 9
179 93 4 1
96 69 6 10
202 21 10 3
124 62 7 2
104 32 4 8
207 96 5 1
199 86 2 1
161 64 9 6
