1000
106 105 7 10
200 48 7 8
217 101 4 8
54 96 3 7
223 69 8 5
71 71 1 6
150 14 6 7
122 74 3 2
248 57 2 2
143 83 9 3
119 29 5 3
244 55 10 1
224 90 7 4
192 63 7 8
123 42 2 1
197 56 1 9
75 10 2 4
176 11 4 8
241 23 9 10
121 49 9 9
121 38 1 3
186 58 8 8
82 107 3 3
90 77 3 9
188 94 7 3
165 105 1 4
209 91 4 4
231 93 5 1
51 38 3 1
103 93 1 7
148 28 7 9
218 17 5 5
235 16 10 10
208 88 5 10
52 62 9 2
119 74 1 8
142 101 2 4
193 70 8 5
179 79 6 7
110 75 4 5
165 40 6 2
77 41 9 5
162 45 4 2
158 60 5 3
69 51 2 10
236 102 9 5
213 41 8 9
240 69 6 1
116 100 4 4
102 92 7 4
193 48 3 5
213 69 7 8
173 58 1 2
99 70 3 3
51 42 3 8
140 29 2 6
176 90 1 7
178 51 8 7
90 21 2 10
86 26 7 6
202 97 5 10
203 36 6 1
67 61 9 9
214 10 1 5
84 89 7 7
211 43 7 2
126 96 7 9
141 53 5 5
104 10 2 5
73 58 1 3
165 72 4 5
235 102 1 1
194 105 1 10
97 82 3 6
109 75 3 8
53 54 4 7
134 57 8 9
117 87 7 4
102 66 1 10
91 106 8 10
55 56 6 9
99 30 6 1
162 39 5 4
206 86 9 4
67 20 7 2
110 26 6 9
104 27 10 6
75 106 2 4
169 28 5 4
222 62 7 8
195 26 1 4
207 91 4 1
105 19 6 3
80 35 8 4
186 42 10 1
57 59 2 8
52 103 10 8
150 110 9 7
96 109 6 9
229 43 1 5
182 106 4 6
147 37 6 7
195 109 5 10
121 55 9 5
148 48 5 4
118 38 3 6
184 90 3 4
129 12 5 4
125 29 7 1
73 85 6 3
122 46 5 3
157 77 9 6
234 52 1 6
166 83 10 8
93 73 3 3
137 28 1 1
57 86 3 3
89 62 8 6
178 31 1 3
55 49 8 1
94 61 5 10
186 31 5 10
119 19 4 1
131 63 3 7
229 87 8 3
145 51 6 10
149 18 10 5
169 85 1 5
93 104 9 1
210 93 7 8
120 55 9 7
238 95 4 6
66 100 5 4
58 98 9 6
161 14 5 3
87 40 6 2
200 94 7 9
178 85 8 6
191 53 8 5
172 86 3 6
106 96 8 2
199 60 3 9
141 102 8 4
167 91 7 1
74 35 1 10
198 49 4 2
148 87 5 4
226 32 9 4
132 73 9 6
166 102 4 3
92 102 4 4
97 18 9 10
101 25 9 9
175 53 1 8
59 23 5 5
55 40 4 2
246 109 8 5
68 12 9 3
114 94 6 7
128 41 1 6
179 72 1 2
97 82 8 1
168 14 5 10
243 64 9 8
195 49 5 8
184 97 6 8
173 45 8 10
231 59 2 7
121 50 5 7
211 35 1 1
203 80 3 2
79 95 3 10
226 110 8 7
175 43 8 10
51 77 5 9
85 23 3 1
247 35 5 5
164 79 9 1
135 26 3 10
68 36 3 1
84 29 8 7
100 35 4 7
115 60 10 4
151 12 3 1
223 16 8 10
85 91 6 9
218 108 4 6
102 69 8 3
115 51 5 8
91 108 7 10
111 54 10 9
139 55 10 5
151 94 10 1
64 95 3 4
158 37 4 4
88 33 1 7
193 54 3 7
242 83 6 2
160 15 10 7
154 63 4 8
54 27 2 6
147 86 10 5
143 84 10 2
60 95 6 2
83 99 3 2
194 25 9 10
123 72 8 6
71 13 4 2
153 102 9 6
126 87 3 7
104 97 4 10
137 105 6 7
220 18 3 4
141 54 4 7
238 67 3 7
63 24 1 5
107 64 1 4
56 73 10 2
66 36 9 5
203 31 5 5
224 96 6 2
177 90 5 9
187 86 7 3
60 38 8 10
233 30 3 8
100 13 8 10
136 78 4 8
91 25 10 5
191 103 6 4
196 69 5 5
120 27 5 8
231 83 8 2
149 90 2 9
85 88 10 3
184 29 5 4
247 52 9 10
133 59 2 9
174 99 3 4
228 102 2 10
113 24 3 10
92 80 5 8
213 103 9 6
154 65 10 5
242 104 10 9
229 16 3 8
131 67 2 10
76 68 5 3
155 24 4 9
248 41 9 2
210 17 7 6
210 92 3 4
93 67 7 1
112 90 10 3
132 59 3 10
50 81 8 10
51 43 6 5
183 14 3 6
177 71 3 5
228 72 9 8
211 89 7 6
72 10 10 5
107 34 6 6
155 98 4 8
95 107 7 3
83 94 10 4
71 106 10 8
187 66 9 9
144 23 9 9
72 96 10 9
189 74 6 6
161 56 7 6
232 67 6 4
177 81 3 9
233 23 7 5
155 107 7 10
217 108 1 9
205 106 6 9
64 76 5 7
185 15 5 8
104 33 6 9
245 110 5 10
65 46 7 1
84 59 8 7
142 24 7 4
87 74 4 10
166 84 3 6
81 88 6 6
88 23 9 5
175 109 5 3
56 95 3 3
66 36 5 4
205 60 3 2
247 104 2 10
215 22 9 6
91 68 1 10
53 104 10 6
168 42 2 7
180 95 1 1
236 43 10 2
168 27 1 10
242 66 4 9
194 12 2 8
211 93 6 8
69 88 9 3
89 61 5 9
249 46 8 9
103 68 3 10
232 71 2 1
77 41 9 10
127 79 1 5
199 94 8 10
70 14 2 4
181 50 2 4
231 68 2 5
68 15 9 5
111 44 10 5
140 58 10 6
128 106 2 3
103 28 7 3
60 63 8 5
64 108 6 9
226 52 8 6
217 42 5 5
207 80 6 10
130 19 5 5
180 40 7 6
232 84 7 10
216 105 1 10
62 55 1 10
153 35 6 8
116 22 5 9
249 60 9 10
182 97 4 8
178 32 6 3
118 11 3 1
135 30 10 5
239 18 9 8
240 53 7 8
124 42 3 2
115 76 5 3
107 84 6 1
187 58 4 7
152 60 7 3
133 37 9 6
90 29 5 9
65 20 8 9
222 62 10 3
238 49 7 6
63 103 8 6
78 73 1 7
62 82 8 4
245 17 9 6
221 98 7 9
176 24 8 1
131 67 9 10
124 96 3 6
114 71 1 1
88 11 3 9
246 58 10 6
146 53 2 10
133 73 1 5
65 19 7 1
196 77 8 10
212 81 2 8
201 77 10 1
117 14 9 4
230 35 9 3
250 108 2 6
69 97 10 7
181 99 3 2
213 47 2 5
182 86 7 6
118 49 9 1
162 29 9 3
189 95 2 9
221 32 8 6
74 54 2 8
199 61 6 8
171 103 1 9
227 47 10 4
119 15 6 5
89 11 5 4
100 31 8 1
94 76 7 1
246 70 7 8
201 41 10 1
105 72 4 8
96 16 4 4
101 88 1 1
197 74 2 9
136 84 5 9
161 41 6 4
130 62 2 3
244 84 1 3
188 38 8 2
114 55 5 6
189 38 8 7
72 49 5 2
105 19 2 2
232 78 8 3
63 19 5 7
207 103 10 8
235 55 4 7
172 109 9 10
65 60 1 4
78 61 8 3
116 10 10 6
177 77 8 5
107 92 8 4
172 91 9 3
218 45 2 5
148 56 6 10
246 87 9 9
73 73 10 7
139 52 6 8
199 34 7 10
64 36 9 7
56 10 4 1
198 18 9 6
77 27 8 8
108 70 5 4
239 81 10 7
120 73 3 3
190 72 6 10
127 67 2 2
247 57 4 5
115 17 10 4
150 64 2 8
113 23 4 10
174 88 5 8
110 58 1 5
164 76 7 3
122 24 8 5
143 104 7 1
116 49 4 3
142 54 4 1
122 24 6 4
133 54 9 8
163 66 8 8
61 51 1 4
189 48 1 4
225 89 5 2
235 107 10 6
57 75 6 6
239 11 1 10
93 26 7 9
225 97 10 6
146 78 4 9
241 40 2 6
106 108 1 1
91 51 2 4
76 30 9 2
81 37 10 7
71 72 9 10
53 39 10 7
200 78 7 3
201 80 9 9
146 63 2 9
170 95 3 8
226 44 1 7
182 108 6 6
202 89 1 2
234 24 4 10
176 110 5 6
156 38 3 2
174 50 10 4
76 51 5 6
53 76 9 2
173 52 7 3
117 92 5 4
214 70 7 6
196 16 7 1
212 27 7 10
159 56 10 5
92 39 3 7
135 34 9 1
90 28 7 1
82 93 5 10
239 50 6 3
219 37 1 8
183 78 4 7
92 42 2 1
181 93 2 7
113 21 5 4
60 47 10 2
136 92 7 9
205 75 3 6
149 11 7 6
159 57 2 3
68 89 5 9
85 82 9 8
132 83 3 6
52 95 9 4
83 39 1 4
154 100 6 3
138 90 4 1
180 67 9 2
138 15 9 8
184 100 3 8
119 109 6 2
146 33 1 9
188 23 5 7
99 65 3 9
167 60 7 5
177 14 3 5
128 66 6 4
171 46 1 9
250 11 5 8
130 99 3 8
181 15 2 7
169 60 1 6
87 20 10 3
130 20 2 1
148 39 3 1
157 87 8 8
224 48 10 9
102 79 8 5
63 61 6 10
206 31 10 6
168 24 10 5
137 64 2 8
147 52 9 3
69 61 2 5
145 64 10 8
86 34 2 6
59 79 10 6
55 89 8 6
50 53 2 3
74 78 6 10
120 44 8 1
205 22 4 9
155 46 5 1
127 67 4 9
169 19 2 4
174 61 6 3
191 50 6 2
183 101 4 1
108 109 2 4
116 40 7 1
202 13 2 2
87 17 6 8
94 28 1 8
106 71 5 4
78 40 2 10
244 86 9 2
219 15 4 2
195 89 4 3
202 81 8 9
136 32 6 2
201 70 8 4
214 13 4 2
171 16 4 3
154 110 4 5
230 17 5 2
141 44 1 10
206 13 5 10
151 33 1 8
170 100 2 2
129 97 9 10
123 99 4 3
79 46 1 8
183 45 1 7
66 76 8 9
75 39 4 1
145 50 4 7
191 78 7 6
198 104 3 9
89 102 7 6
94 86 1 2
243 107 1 8
169 96 5 10
96 12 9 2
127 78 10 3
241 25 4 3
86 12 4 2
207 36 1 4
113 81 6 7
152 56 4 9
54 94 4 2
86 84 2 2
241 94 9 3
80 90 4 1
136 59 6 10
84 92 2 5
166 107 8 5
240 74 10 9
89 91 4 4
141 52 6 8
161 76 5 10
241 74 3 10
98 51 1 8
131 103 6 2
105 30 3 5
109 80 4 8
192 14 3 9
229 33 9 7
81 44 6 10
203 100 10 8
66 107 8 2
224 69 1 3
214 90 4 8
153 81 3 1
70 63 2 5
162 18 2 4
222 77 5 10
223 97 5 3
209 93 6 10
103 20 6 3
189 101 5 7
157 47 2 1
129 86 9 4
185 65 3 4
123 72 7 10
192 21 7 3
153 80 9 7
199 49 10 7
118 61 10 9
172 24 1 8
216 74 2 4
218 80 3 10
62 20 1 5
198 100 4 6
158 60 8 6
109 97 4 2
206 82 5 7
237 32 6 5
160 10 5 7
227 98 4 7
160 96 10 1
173 22 8 6
67 64 9 5
215 48 8 1
74 102 3 3
196 63 4 9
236 37 3 2
112 99 6 6
188 104 6 8
249 10 7 1
159 21 6 7
183 23 7 9
230 73 8 8
73 83 8 6
219 25 4 4
93 46 1 4
77 64 6 2
129 82 4 5
144 93 4 7
204 34 10 1
61 79 5 10
196 34 9 9
125 83 2 7
151 30 4 5
101 39 10 4
237 51 2 3
234 27 2 9
80 91 5 8
62 47 4 9
192 103 9 2
192 11 1 3
174 20 9 3
58 30 4 3
220 70 9 6
58 46 6 9
143 52 7 6
138 110 9 6
152 25 1 10
94 28 9 3
249 22 2 1
68 26 1 7
165 88 3 9
71 100 7 8
85 109 2 3
185 44 9 2
140 66 6 10
120 32 10 4
233 42 4 4
133 56 3 2
166 22 3 7
103 52 9 2
180 75 1 8
111 88 7 1
88 13 10 5
101 62 9 4
51 51 1 2
240 110 7 4
179 96 2 4
216 34 8 3
139 65 8 2
244 84 2 6
107 65 6 7
117 82 1 3
233 31 5 8
100 33 9 10
175 50 5 1
106 92 1 5
236 38 6 3
163 31 10 8
197 13 2 8
140 87 7 5
237 48 6 2
109 82 5 1
164 91 1 4
144 40 5 7
190 18 5 1
55 107 8 1
134 18 8 8
158 106 2 5
82 98 9 3
151 29 10 9
137 33 7 9
142 42 10 9
142 106 8 8
185 80 6 8
162 53 7 2
78 59 3 2
79 48 8 10
87 54 3 3
102 48 8 10
250 27 7 1
224 23 10 3
147 71 3 1
92 84 4 4
219 40 7 5
108 98 7 2
243 15 8 4
67 96 1 10
50 12 7 1
161 57 9 7
222 58 2 7
234 26 10 1
186 71 3 6
245 75 3 3
122 30 2 5
145 21 7 2
95 46 6 7
144 70 6 7
245 90 2 3
168 31 6 8
155 25 4 5
179 38 9 8
217 106 10 10
163 100 5 5
239 43 6 1
61 47 5 6
232 32 3 1
243 50 5 8
128 101 8 3
110 105 10 5
179 55 5 10
138 69 2 7
156 21 1 6
227 63 6 7
167 108 9 6
125 87 4 8
215 65 4 9
153 33 6 1
60 39 10 4
247 45 4 4
215 72 2 1
164 61 5 4
54 35 2 4
248 34 4 6
225 64 10 1
187 17 9 2
70 101 10 9
249 45 2 10
134 101 3 7
72 36 9 3
99 34 10 6
134 59 8 3
238 79 8 7
201 55 8 6
190 19 3 7
167 11 2 1
97 82 8 5
157 62 10 4
61 45 3 8
204 13 7 4
221 68 10 7
193 92 3 1
170 107 3 4
118 14 9 3
98 22 6 7
191 59 5 5
248 69 2 7
242 86 5 10
237 79 1 3
185 92 7 8
114 78 10 7
182 76 4 3
210 45 8 9
125 33 7 7
235 77 4 9
123 73 1 5
117 91 4 8
159 110 7 7
209 75 9 8
194 83 6 7
165 66 8 7
205 25 10 2
135 27 6 4
157 85 8 5
145 105 4 3
212 103 6 2
50 29 3 6
88 104 9 2
160 101 2 3
207 109 9 9
243 15 6 5
108 69 3 4
125 17 6 7
204 62 2 2
229 11 8 5
147 49 8 4
98 44 3 4
109 67 9 9
52 101 8 9
138 42 10 5
204 43 2 6
219 20 7 9
78 94 3 5
80 47 10 7
144 93 3 1
240 45 9 1
188 38 1 2
152 94 2 3
220 53 5 10
149 65 6 6
223 70 3 2
75 21 3 6
163 66 4 3
112 108 10 10
156 63 2 4
250 26 10 5
163 58 10 9
160 102 8 4
215 22 4 7
112 77 2 7
137 67 10 6
167 54 5 7
231 71 2 1
79 43 7 8
57 59 5 2
204 98 2 1
124 16 5 2
127 65 4 1
126 105 2 10
230 105 6 7
234 37 8 8
59 100 3 8
202 47 10 8
128 92 7 9
56 85 8 9
86 58 4 6
221 16 10 2
159 83 5 10
164 89 7 7
73 76 7 3
126 47 6 1
84 41 2 9
187 32 8 5
212 106 4 6
67 70 5 9
195 32 1 6
81 98 10 5
214 54 2 8
90 62 10 2
111 36 1 3
132 28 1 2
100 47 7 4
50 103 3 10
223 83 2 5
139 91 9 2
139 29 2 1
98 104 1 8
193 27 1 6
98 37 3 3
140 99 1 2
69 71 2 5
222 31 9 10
156 17 7 10
209 50 5 4
62 53 9 7
208 57 10 2
57 19 5 5
221 28 3 9
113 32 7 4
210 13 8 2
76 22 6 7
149 79 4 6
237 101 3 9
197 21 4 7
82 17 10 9
213 88 6 7
121 82 7 7
58 71 6 7
212 21 7 7
200 33 10 9
181 30 4 6
111 77 5 6
211 99 3 1
135 56 9 1
154 108 4 7
75 35 6 9
97 64 1 6
65 44 10 1
52 68 6 10
171 18 10 2
228 80 2 6
203 89 5 7
220 63 2 10
190 66 8 1
64 57 1 1
124 85 1 9
134 85 3 8
146 44 6 9
208 98 3 9
186 53 8 6
200 41 5 4
77 104 4 3
143 79 1 3
228 62 1 10
99 31 1 8
95 21 9 3
178 74 6 9
108 75 8 6
59 57 9 5
180 16 10 2
171 85 7 6
197 81 4 2
227 13 4 2
242 20 7 9
53 37 10 10
198 78 1 8
170 26 5 10
208 84 10 1
79 99 7 4
72 93 4 7
124 109 4 1
227 48 9 9
226 40 7 3
225 28 7 5
131 10 7 4
156 36 8 6
126 12 10 1
170 18 7 1
54 73 6 7
80 68 5 1
244 19 5 2
250 85 3 5
129 56 4 5
56 20 2 8
63 50 6 2
81 68 8 4
158 81 2 2
206 26 7 2
246 43 10 6
96 57 8 3
173 44 6 5
96 98 5 10
76 107 8 2
83 89 2 1
82 43 8 2
114 80 8 9
233 12 9 7
225 30 4 2
132 76 6 7
216 36 8 10
104 81 4 3
176 110 9 5
61 68 7 5
150 22 8 1
115 87 7 3
59 34 6 8
216 12 7 7
83 64 10 5
70 52 1 3
172 97 2 5
74 65 8 1
95 25 1 2
130 46 2 2
184 57 5 4
228 41 2 4
152 69 3 5
112 87 1 5
220 74 7 3
58 66 1 9
236 16 9 8
101 72 3 2
245 88 1 5
248 39 2 9
95 56 3 3
208 10 1 1
238 68 8 2
105 39 10 1
218 37 4 6
217 75 1 5
175 99 6 2
194 14 1 8
209 110 7 9
